0.53
1.04
1.35
0.62
0.55
0.54
0.47
0.35
0.36
0.51
3.8
2.34
2.13
1.24
1.01
0.74
0.35
0.68
0.15
0.42
0.27
1.84
0.49
1.2
0.79
0.86
0.89
0.68
0.62
0.6
0.53
0.33
0.37
0.42
0.65
1.08
1.83
2.07
1.88
1.77
1.97
1.87
0.76
0.78
0.47
0.59
0.49
4.26
4.47
4.42
3.58
3.04
2.261616713125546
2.1915622173068448
2.1852573126831616
2.18468987126703
2.1846388015395783
2.1846342052641092
2.1846337915993157
2.184633754369485
2.1846337510188003
2.1846337507172375
2.1846337506900984
2.1846337506876545
2.184633750687436
2.1846337506874156
2.184633750687414
2.1846337506874143
2.1846337506874147
2.1846337506874143
2.184633750687414
2.1846337506874143
2.184633750687414
2.184633750687414
2.184633750687415
2.1846337506874147
2.1846337506874147
2.1846337506874147
2.184633750687415
2.184633750687416
2.184633750687415
2.184633750687415
2.184633750687415
2.1846337506874147
2.1846337506874147
2.184633750687416
2.184633750687417
2.1846337506874147
2.1846337506874165
2.1846337506874156
2.184633750687415
2.184633750687416
2.184633750687417
2.184633750687416
2.1846337506874165
2.1846337506874165
