1.19
1.12
1.16
0.91
0.8
0.7
0.68
0.63
0.73
0.72
2.07
1.16
1.34
0.86
0.81
0.76
0.65
0.7
0.59
0.61
0.68
1.33
0.68
0.85
0.73
0.73
0.61
0.86
0.68
0.77
0.67
0.62
0.79
0.73
0.82
0.87
1.07
0.99
0.81
0.78
0.8
0.65
0.64
0.69
0.68
0.7
0.67
0.77
0.78
0.8
0.77
0.73
0.7522714757690242
0.7542759085882367
0.7544563075419658
0.7544725434478012
0.7544740046793268
0.7544741361901643
0.7544741480261394
0.7544741490913771
0.7544741491872489
0.7544741491958774
0.7544741491966541
0.7544741491967238
0.75447414919673
0.754474149196731
0.7544741491967311
0.7544741491967306
0.7544741491967305
0.7544741491967306
0.7544741491967306
0.7544741491967308
0.7544741491967312
0.7544741491967314
0.7544741491967304
0.7544741491967304
0.7544741491967306
0.7544741491967307
0.7544741491967305
0.7544741491967306
0.7544741491967307
0.7544741491967311
0.7544741491967308
0.7544741491967305
0.7544741491967306
0.7544741491967308
0.7544741491967307
0.7544741491967308
0.7544741491967311
0.7544741491967312
0.7544741491967312
0.754474149196731
0.7544741491967316
0.7544741491967315
0.7544741491967306
0.7544741491967307
