									Benzene			CO			Ozone			PM2.5
2013-January						0.53			1.19			61.25			197.0
2013-February						1.04			1.12			29.77			187.0
2013-March						1.35			1.16			34.0			117.0
2013-April						0.62			0.91			35.88			40.0
2013-May						0.55			0.8			31.25			30.0
2013-June						0.54			0.7			34.5			25.0
2013-July						0.47			0.68			44.75			24.0
2013-August						0.35			0.63			19.88			26.0
2013-September						0.36			0.73			30.75			22.0
2013-October						0.51			0.72			32.13			29.0
2013-November						3.8			2.07			64.5			87.0
2013-December						2.34			1.16			29.25			131.0
2014-January						2.13			1.34			43.38			118.0
2014-February						1.24			0.86			38.75			94.0
2014-March						1.01			0.81			32.75			81.0
2014-April						0.74			0.76			64.88			57.0
2014-May						0.35			0.65			26.38			40.0
2014-June						0.68			0.7			35.0			49.0
2014-July						0.15			0.59			68.38			26.0
2014-August						0.42			0.61			32.25			30.0
2014-September						0.27			0.68			23.13			27.0
2014-October						1.84			1.33			56.5			61.0
2014-November						0.49			0.68			54.75			57.0
2014-December						1.2			0.85			48.0			137.0
2015-January						0.79			0.73			35.38			36.0
2015-February						0.86			0.73			55.75			83.0
2015-March						0.89			0.61			49.63			53.0
2015-April						0.68			0.86			53.25			39.0
2015-May						0.62			0.68			38.88			31.0
2015-June						0.6			0.77			50.63			45.0
2015-July						0.53			0.67			40.13			39.0
2015-August						0.33			0.62			22.25			18.0
2015-September						0.37			0.79			45.5			30.0
2015-October						0.42			0.73			53.13			33.0
2015-November						0.65			0.82			61.75			58.0
2015-December						1.08			0.87			52.88			106.0
2016-January						1.83			1.07			26.54			181.0
2016-February						2.07			0.99			35.0			144.0
2016-March						1.88			0.81			32.08			54.0
2016-April						1.77			0.78			34.0			42.0
2016-May						1.97			0.8			28.46			56.0
2016-June						1.87			0.65			18.13			36.0
2016-July						0.76			0.64			18.92			23.0
2016-August						0.78			0.69			28.5			38.0
2016-September						0.47			0.68			32.42			28.0
2016-October						0.59			0.7			19.58			42.0
2016-November						0.49			0.67			15.67			33.0
2016-December						4.26			0.77			31.04			97.0
2017-January						4.47			0.78			26.88			136.0
2017-February						4.42			0.8			32.13			126.0
2017-March						3.58			0.77			27.63			77.0
2017-April						3.04			0.73			29.46			45.0
2017-May						2.1773421969471083			0.7597138081101406			30.803982866086265			69.1684782318004
