61.25
29.77
34.0
35.88
31.25
34.5
44.75
19.88
30.75
32.13
64.5
29.25
43.38
38.75
32.75
64.88
26.38
35.0
68.38
32.25
23.13
56.5
54.75
48.0
35.38
55.75
49.63
53.25
38.88
50.63
40.13
22.25
45.5
53.13
61.75
52.88
26.54
35.0
32.08
34.0
28.46
18.13
18.92
28.5
32.42
19.58
15.67
31.04
26.88
32.13
27.63
29.46
30.439462074251804
30.527613660934446
30.535547303735893
30.53626133158803
30.536325594094716
30.536331377720327
30.53633189824663
30.53633194509401
30.536331949310256
30.536331949689732
30.536331949723863
30.53633194972695
30.536331949727227
30.53633194972724
30.53633194972725
30.53633194972726
30.536331949727252
30.536331949727263
30.536331949727252
30.536331949727273
30.53633194972725
30.536331949727263
30.536331949727263
30.53633194972728
30.536331949727252
30.53633194972725
30.536331949727263
30.536331949727256
30.536331949727252
30.53633194972726
30.536331949727263
30.536331949727273
30.536331949727256
30.536331949727266
30.536331949727266
30.536331949727263
30.536331949727273
30.53633194972727
30.53633194972725
30.536331949727277
30.536331949727273
30.536331949727277
30.536331949727284
30.536331949727273
